<?xml version="1.0" encoding="UTF-8"?>
<document version="1.5.0">
  <chunk label="Chunk 1" enabled="true">
    <sensors next_id="94">
      <sensor id="0" label="Canon EOS REBEL T5i (37mm)" type="frame">
        <resolution width="5184" height="3456"/>
        <property name="pixel_width" value="0.0043839988425926"/>
        <property name="pixel_height" value="0.0043839988425926"/>
        <property name="focal_length" value="37"/>
        <property name="layer_index" value="0"/>
        <bands>
          <band label="Red"/>
          <band label="Green"/>
          <band label="Blue"/>
        </bands>
        <data_type>uint16</data_type>
        <calibration type="frame" class="adjusted">
          <resolution width="5184" height="3456"/>
          <f>8397.0800252741</f>
          <b1>0.256163863908223</b1>
          <b2>-22.8315524998528</b2>
          <k1>-0.0603472625149708</k1>
          <k2>0.184858521842878</k2>
          <p1>-0.00119014441157678</p1>
          <p2>0.00126022593561743</p2>
        </calibration>
        <covariance>
          <params>f b1 b2 k1 k2 p1 p2</params>
          <coeffs>3.9999781084063772e+000 -8.0804560792729879e-002 1.8534802168987427e-001 -1.2674498573369069e-003 7.0991012740953463e-003 2.2694991097838124e-005 -5.1313263387555576e-006 -8.0804560792729879e-002 3.4564316778312034e+000 -1.9245595061591066e-002 -1.2130503453051369e-004 1.1982081588149342e-003 7.3504109322936598e-006 4.2943043709243316e-006 1.8534802168987427e-001 -1.9245595061591066e-002 3.1424297088090292e+000 -2.3691813316879766e-004 1.9343048420725354e-003 -8.1548413440293220e-006 -2.2674292123705525e-005 -1.2674498573369069e-003 -1.2130503453051369e-004 -2.3691813316879766e-004 4.5709815861119810e-006 -3.0136462582170760e-005 -4.1264204242946496e-008 4.3428605401729868e-008 7.0991012740953463e-003 1.1982081588149342e-003 1.9343048420725354e-003 -3.0136462582170760e-005 2.3266759981624210e-004 8.8303354564643816e-008 -4.7956128657282847e-007 2.2694991097838124e-005 7.3504109322936598e-006 -8.1548413440293220e-006 -4.1264204242946496e-008 8.8303354564643816e-008 1.1795316448381859e-008 2.0818649126282116e-010 -5.1313263387555576e-006 4.2943043709243316e-006 -2.2674292123705525e-005 4.3428605401729868e-008 -4.7956128657282847e-007 2.0818649126282116e-010 1.3769107093422748e-008</coeffs>
        </covariance>
      </sensor>
      <sensor id="1" label="Canon EOS REBEL T5i (35mm)" type="frame">
        <resolution width="5184" height="3456"/>
        <property name="pixel_width" value="0.0043839988425926"/>
        <property name="pixel_height" value="0.0043839988425926"/>
        <property name="focal_length" value="35"/>
        <property name="layer_index" value="0"/>
        <bands>
          <band label="Red"/>
          <band label="Green"/>
          <band label="Blue"/>
        </bands>
        <data_type>uint16</data_type>
        <calibration type="frame" class="adjusted">
          <resolution width="5184" height="3456"/>
          <f>8269.02859393099</f>
          <b1>-4.16400626890832</b1>
          <b2>-24.1662648813596</b2>
          <k1>-0.0642338496151855</k1>
          <k2>0.159634504147093</k2>
          <p1>0.00274862797914563</p1>
          <p2>0.000511986095811166</p2>
        </calibration>
        <covariance>
          <params>f b1 b2 k1 k2 p1 p2</params>
          <coeffs>8.6094338344814769e+000 -1.4052725833886909e-001 -4.4765839178534339e-001 -3.7887552053208484e-003 2.0690439778678418e-002 5.5067095775616929e-005 -2.5570572978667731e-005 -1.4052725833886909e-001 3.4006987906549737e+000 1.0409764000849239e-001 -8.7578434914309557e-005 3.6969809551626949e-004 -1.0780497899647806e-005 1.8544354328710199e-005 -4.4765839178534339e-001 1.0409764000849239e-001 3.1595310255654723e+000 -4.6176181571160920e-006 -3.3498575995668801e-004 -1.0437646739170043e-005 3.9303776299169776e-005 -3.7887552053208484e-003 -8.7578434914309557e-005 -4.6176181571160920e-006 7.4810576424631184e-006 -3.8278493500188741e-005 7.6969377836194284e-008 -6.8033447678325006e-008 2.0690439778678418e-002 3.6969809551626949e-004 -3.3498575995668801e-004 -3.8278493500188741e-005 2.4560087999595491e-004 1.8211587111258687e-007 -1.1814668500386664e-007 5.5067095775616929e-005 -1.0780497899647806e-005 -1.0437646739170043e-005 7.6969377836194284e-008 1.8211587111258687e-007 2.1149215613349132e-008 -4.5676968519064355e-009 -2.5570572978667731e-005 1.8544354328710199e-005 3.9303776299169776e-005 -6.8033447678325006e-008 -1.1814668500386664e-007 -4.5676968519064355e-009 2.2011013369311125e-008</coeffs>
        </covariance>
      </sensor>
      <sensor id="2" label="Canon EOS REBEL T5i (55mm)" type="frame">
        <resolution width="5184" height="3456"/>
        <property name="pixel_width" value="0.0043839988425926"/>
        <property name="pixel_height" value="0.0043839988425926"/>
        <property name="focal_length" value="55"/>
        <property name="layer_index" value="0"/>
        <bands>
          <band label="Red"/>
          <band label="Green"/>
          <band label="Blue"/>
        </bands>
        <data_type>uint16</data_type>
        <calibration type="frame" class="adjusted">
          <resolution width="5184" height="3456"/>
          <f>13216.1078605981</f>
          <b1>4.18854693544328</b1>
          <b2>-42.6429074819806</b2>
          <k1>-0.408914061276217</k1>
          <k2>-0.117820382767006</k2>
          <p1>0.00313428543605783</p1>
          <p2>0.00254832824282898</p2>
        </calibration>
        <covariance>
          <params>f b1 b2 k1 k2 p1 p2</params>
          <coeffs>1.9079335239649492e+001 -9.3091385323148501e-001 2.1760541992952367e-001 -1.8050149495995624e-002 2.1392499220771538e-001 3.5289701368993695e-004 5.3365257677963146e-007 -9.3091385323148501e-001 8.9627925718076931e+000 6.9449517972061947e-003 2.2231098053514416e-004 -9.0404028157767668e-003 5.7179673010475999e-006 2.2398368859582704e-005 2.1760541992952367e-001 6.9449517972061947e-003 8.1652147395931767e+000 -1.8913855289027175e-004 -2.1583803356399904e-004 5.8253936136132963e-007 -1.1038310352939670e-004 -1.8050149495995624e-002 2.2231098053514416e-004 -1.8913855289027175e-004 4.9097832378851522e-005 -7.4059963820240844e-004 -5.7262165488876162e-007 -1.7606364763811277e-009 2.1392499220771538e-001 -9.0404028157767668e-003 -2.1583803356399904e-004 -7.4059963820240844e-004 1.3504668891499039e-002 3.1589014673596445e-006 -2.4009968786506296e-006 3.5289701368993695e-004 5.7179673010475999e-006 5.8253936136132963e-007 -5.7262165488876162e-007 3.1589014673596445e-006 3.8905117812502489e-008 4.0738252687638687e-009 5.3365257677963146e-007 2.2398368859582704e-005 -1.1038310352939670e-004 -1.7606364763811277e-009 -2.4009968786506296e-006 4.0738252687638687e-009 3.2017345510477874e-008</coeffs>
        </covariance>
      </sensor>
      <sensor id="3" label="Canon EOS REBEL T5i (30mm)" type="frame">
        <resolution width="5184" height="3456"/>
        <property name="pixel_width" value="0.0043839988425926"/>
        <property name="pixel_height" value="0.0043839988425926"/>
        <property name="focal_length" value="30"/>
        <property name="layer_index" value="0"/>
        <bands>
          <band label="Red"/>
          <band label="Green"/>
          <band label="Blue"/>
        </bands>
        <data_type>uint16</data_type>
        <calibration type="frame" class="adjusted">
          <resolution width="5184" height="3456"/>
          <f>6859.15077235866</f>
          <b1>-5.90287891030287</b1>
          <b2>14.80363373572</b2>
          <k1>-0.105945107875593</k1>
          <k2>0.189485115850092</k2>
          <p1>-0.000829194843486351</p1>
          <p2>0.000901028098430489</p2>
        </calibration>
        <covariance>
          <params>f b1 b2 k1 k2 p1 p2</params>
          <coeffs>3.1070190346756474e+000 1.2879764605241240e-001 1.7414011238738303e-001 -2.4602809041786734e-004 2.6642344394841627e-003 1.7594128486234904e-005 2.0641794278409577e-006 1.2879764605241240e-001 3.3822357091481940e+000 -1.6817680033205779e-001 7.9574508885425885e-005 2.5984379019303107e-004 7.8798022936190531e-005 6.0221800982677693e-006 1.7414011238738303e-001 -1.6817680033205779e-001 2.3396031018762291e+000 -9.8603000375527034e-005 3.3662875911788970e-004 -1.6989339082246364e-006 1.4129188589943542e-005 -2.4602809041786734e-004 7.9574508885425885e-005 -9.8603000375527034e-005 3.0297346240370524e-006 -1.3192853704305485e-005 1.9541428087313741e-008 8.5030466565500885e-009 2.6642344394841627e-003 2.5984379019303107e-004 3.3662875911788970e-004 -1.3192853704305485e-005 6.6400002372598254e-005 -6.2688064562690837e-009 -5.8534135672879148e-008 1.7594128486234904e-005 7.8798022936190531e-005 -1.6989339082246364e-006 1.9541428087313741e-008 -6.2688064562690837e-009 1.1665560820007091e-008 1.6258762372565700e-010 2.0641794278409577e-006 6.0221800982677693e-006 1.4129188589943542e-005 8.5030466565500885e-009 -5.8534135672879148e-008 1.6258762372565700e-010 9.3059527551017818e-009</coeffs>
        </covariance>
      </sensor>
      <sensor id="4" label="Canon EOS REBEL T5i (34mm)" type="frame">
        <resolution width="5184" height="3456"/>
        <property name="pixel_width" value="0.0043839988425926"/>
        <property name="pixel_height" value="0.0043839988425926"/>
        <property name="focal_length" value="34"/>
        <property name="layer_index" value="0"/>
        <bands>
          <band label="Red"/>
          <band label="Green"/>
          <band label="Blue"/>
        </bands>
        <data_type>uint16</data_type>
        <calibration type="frame" class="adjusted">
          <resolution width="5184" height="3456"/>
          <f>7863.58805227651</f>
          <b1>4.12082585728766</b1>
          <b2>-6.48536204583209</b2>
          <k1>-0.0702320060096698</k1>
          <k2>0.177406941057788</k2>
          <p1>0.000697163631732143</p1>
          <p2>-0.000654761019167718</p2>
        </calibration>
        <covariance>
          <params>f b1 b2 k1 k2 p1 p2</params>
          <coeffs>5.7741712965757790e+000 -2.8141538201503419e-001 2.4227379155246850e-001 -2.2430113337673567e-003 1.5771733617137136e-002 1.4531199898651845e-004 -4.1274017461045242e-005 -2.8141538201503419e-001 4.4832586259105840e+000 -3.2094438121212404e-001 -1.4293116477193772e-004 1.5721566567128058e-003 5.9114248702213409e-005 9.1678386295071288e-006 2.4227379155246850e-001 -3.2094438121212404e-001 3.1746718870350858e+000 -1.3615000380227160e-004 5.3549624881128082e-004 1.8333499669804657e-006 3.0864618561216802e-006 -2.2430113337673567e-003 -1.4293116477193772e-004 -1.3615000380227160e-004 6.3481861011376657e-006 -3.9032882212166745e-005 -7.6694767918739740e-008 5.7110561969977573e-008 1.5771733617137136e-002 1.5721566567128058e-003 5.3549624881128082e-004 -3.9032882212166745e-005 2.8303734402398577e-004 7.9144715966905939e-007 -1.2606154382271454e-007 1.4531199898651845e-004 5.9114248702213409e-005 1.8333499669804657e-006 -7.6694767918739740e-008 7.9144715966905939e-007 2.2509468184031748e-008 2.4875398865851288e-011 -4.1274017461045242e-005 9.1678386295071288e-006 3.0864618561216802e-006 5.7110561969977573e-008 -1.2606154382271454e-007 2.4875398865851288e-011 1.2205617014582970e-008</coeffs>
        </covariance>
        <black_level>0 0 0</black_level>
        <sensitivity>1 1 1</sensitivity>
      </sensor>
      <sensor id="5" label="Canon EOS REBEL T5i (31mm)" type="frame">
        <resolution width="5184" height="3456"/>
        <property name="pixel_width" value="0.0043839988425926"/>
        <property name="pixel_height" value="0.0043839988425926"/>
        <property name="focal_length" value="31"/>
        <property name="layer_index" value="0"/>
        <bands>
          <band label="Red"/>
          <band label="Green"/>
          <band label="Blue"/>
        </bands>
        <data_type>uint16</data_type>
        <calibration type="frame" class="adjusted">
          <resolution width="5184" height="3456"/>
          <f>7058.84278648862</f>
          <b1>8.72465994384164</b1>
          <b2>20.3996050153764</b2>
          <k1>-0.0920149094057202</k1>
          <k2>0.152295559009468</k2>
          <p1>0.00183509669700826</p1>
          <p2>-0.00105633001135453</p2>
        </calibration>
        <covariance>
          <params>f b1 b2 k1 k2 p1 p2</params>
          <coeffs>3.8308871359768562e+000 -1.2928015544744496e+000 8.3297919410997234e-002 -2.7850142897110821e-003 1.3119851526164664e-002 -6.5208841284684928e-006 -1.8075889923880910e-005 -1.2928015544744496e+000 1.7484172052814912e+000 9.0671914399176698e-002 8.9547271949564025e-005 -6.4045771811807833e-004 6.2419372875942857e-006 -1.8037354966905753e-005 8.3297919410997234e-002 9.0671914399176698e-002 2.0963740275524634e+000 -2.4288170421879051e-004 1.3309998234897038e-003 3.8549664007621395e-005 1.0374001351021734e-005 -2.7850142897110821e-003 8.9547271949564025e-005 -2.4288170421879051e-004 6.0576604143609413e-006 -2.9327469069644752e-005 4.9755163138328072e-009 7.2596574365303752e-008 1.3119851526164664e-002 -6.4045771811807833e-004 1.3309998234897038e-003 -2.9327469069644752e-005 1.4797572231632476e-004 3.4842487567295190e-008 -3.1446654157525865e-007 -6.5208841284684928e-006 6.2419372875942857e-006 3.8549664007621395e-005 4.9755163138328072e-009 3.4842487567295190e-008 7.0186677501519306e-009 5.7068552679101512e-010 -1.8075889923880910e-005 -1.8037354966905753e-005 1.0374001351021734e-005 7.2596574365303752e-008 -3.1446654157525865e-007 5.7068552679101512e-010 8.2873955340010560e-009</coeffs>
        </covariance>
        <black_level>0 0 0</black_level>
        <sensitivity>1 1 1</sensitivity>
      </sensor>
      <sensor id="6" label="Canon EOS REBEL T5i (34mm)" type="frame">
        <resolution width="5184" height="3456"/>
        <property name="pixel_width" value="0.0043839988425926"/>
        <property name="pixel_height" value="0.0043839988425926"/>
        <property name="focal_length" value="34"/>
        <property name="layer_index" value="0"/>
        <bands>
          <band label="Red"/>
          <band label="Green"/>
          <band label="Blue"/>
        </bands>
        <calibration type="frame" class="adjusted">
          <resolution width="5184" height="3456"/>
          <f>8001.55019710885</f>
          <b1>-0.107939765593382</b1>
          <b2>-6.54320575268694</b2>
          <k1>-0.0518493414166821</k1>
          <k2>0.264018985441552</k2>
          <p1>-0.000277704130249292</p1>
          <p2>0.000144642014789695</p2>
        </calibration>
        <covariance>
          <params>f b1 b2 k1 k2 p1 p2</params>
          <coeffs>7.5801360632329029e+000 -9.4444985770382939e-001 5.9718991140604549e-001 -9.4534912080580583e-003 9.4401895038355527e-002 -5.9257099483325344e-005 -2.9145706297791486e-005 -9.4444985770382939e-001 6.2808362671607556e+000 -3.4676879614443473e-001 9.8341652959441387e-004 -1.0274527325836273e-002 -1.8717669212912484e-004 3.6588990477264472e-005 5.9718991140604549e-001 -3.4676879614443473e-001 3.6363233058632263e+000 -2.0420111619941497e-003 2.0951955352651565e-002 -5.6371323138787082e-006 -2.0850943280883693e-005 -9.4534912080580583e-003 9.8341652959441387e-004 -2.0420111619941497e-003 3.9137265441565932e-005 -4.0929768736942682e-004 1.3779938595177092e-007 -1.1378906048034723e-007 9.4401895038355527e-002 -1.0274527325836273e-002 2.0951955352651565e-002 -4.0929768736942682e-004 4.8566616344132077e-003 -1.2377247545919430e-007 -8.8605921780297985e-008 -5.9257099483325344e-005 -1.8717669212912484e-004 -5.6371323138787082e-006 1.3779938595177092e-007 -1.2377247545919430e-007 4.2208641120336938e-008 -8.7044434984707106e-009 -2.9145706297791486e-005 3.6588990477264472e-005 -2.0850943280883693e-005 -1.1378906048034723e-007 -8.8605921780297985e-008 -8.7044434984707106e-009 2.6092802092624105e-008</coeffs>
        </covariance>
        <black_level>0 0 0</black_level>
        <sensitivity>1 1 1</sensitivity>
      </sensor>
      <sensor id="7" label="Canon EOS REBEL T5i (37mm)" type="frame">
        <resolution width="5184" height="3456"/>
        <property name="pixel_width" value="0.0043839988425926"/>
        <property name="pixel_height" value="0.0043839988425926"/>
        <property name="focal_length" value="37"/>
        <property name="layer_index" value="0"/>
        <bands>
          <band label="Red"/>
          <band label="Green"/>
          <band label="Blue"/>
        </bands>
        <calibration type="frame" class="adjusted">
          <resolution width="5184" height="3456"/>
          <f>8380.56032059328</f>
          <b1>-9.98554586056355</b1>
          <b2>-28.1046504785882</b2>
          <k1>-0.0680886634416725</k1>
          <k2>0.335507260275779</k2>
          <p1>0.000625867906425672</p1>
          <p2>0.00163767381505268</p2>
        </calibration>
        <covariance>
          <params>f b1 b2 k1 k2 p1 p2</params>
          <coeffs>1.1026472615884124e+001 -4.8618486101883912e-001 -8.2461093518897832e-001 -3.8192741170018176e-003 1.8004390911587138e-002 1.2251979945821498e-004 -7.3002150927499411e-005 -4.8618486101883912e-001 7.1972325708498861e+000 1.1419600510547973e-001 -2.4565943906784942e-004 8.2669189168826148e-004 -2.0595764387352689e-004 -3.1322527148130881e-005 -8.2461093518897832e-001 1.1419600510547973e-001 3.5721979412625928e+000 -4.0512622473145074e-004 3.5108674238312687e-003 -1.5505398065246467e-005 -8.8121154228603608e-005 -3.8192741170018176e-003 -2.4565943906784942e-004 -4.0512622473145074e-004 1.9438607602496907e-005 -1.5656728604159480e-004 -6.3248099656888768e-008 8.8767513028704409e-008 1.8004390911587138e-002 8.2669189168826148e-004 3.5108674238312687e-003 -1.5656728604159480e-004 1.4240673642485289e-003 -1.2839467087346638e-007 -2.6881698298519181e-007 1.2251979945821498e-004 -2.0595764387352689e-004 -1.5505398065246467e-005 -6.3248099656888768e-008 -1.2839467087346638e-007 2.4514890807669738e-008 3.4110141773996546e-010 -7.3002150927499411e-005 -3.1322527148130881e-005 -8.8121154228603608e-005 8.8767513028704409e-008 -2.6881698298519181e-007 3.4110141773996546e-010 2.7313260943653001e-008</coeffs>
        </covariance>
      </sensor>
      <sensor id="8" label="Canon EOS REBEL T5i (35mm)" type="frame">
        <resolution width="5184" height="3456"/>
        <property name="pixel_width" value="0.0043839988425926"/>
        <property name="pixel_height" value="0.0043839988425926"/>
        <property name="focal_length" value="35"/>
        <property name="layer_index" value="0"/>
        <bands>
          <band label="Red"/>
          <band label="Green"/>
          <band label="Blue"/>
        </bands>
        <calibration type="frame" class="adjusted">
          <resolution width="5184" height="3456"/>
          <f>8007.1893708325</f>
          <b1>-1.77542155027193</b1>
          <b2>-21.4799343929047</b2>
          <k1>-0.0616203423765274</k1>
          <k2>0.116071508537438</k2>
          <p1>0.000767082983526793</p1>
          <p2>-0.000494081437871676</p2>
        </calibration>
        <covariance>
          <params>f b1 b2 k1 k2 p1 p2</params>
          <coeffs>3.8860832608437916e+000 1.7200749273474444e-001 1.9525514948039829e-001 -7.5800945039517789e-004 7.2947210594424593e-003 6.5277979151566602e-006 -9.9281207324314601e-007 1.7200749273474444e-001 4.3672547310756293e+000 -3.3675219321545609e-002 1.5781217378554291e-004 1.5939533841903371e-004 4.6449558973302088e-005 -2.9263598861869266e-006 1.9525514948039829e-001 -3.3675219321545609e-002 3.0675758696680466e+000 -6.3903798909395454e-005 3.4923286359401075e-004 2.7685653911731805e-006 1.6814210064859745e-005 -7.5800945039517789e-004 1.5781217378554291e-004 -6.3903798909395454e-005 4.2122313868590077e-006 -2.6211050972797689e-005 -4.0669940344814745e-009 -1.5505859889731598e-008 7.2947210594424593e-003 1.5939533841903371e-004 3.4923286359401075e-004 -2.6211050972797689e-005 1.8929176466103026e-004 1.1353770526691442e-007 6.8103091058656724e-008 6.5277979151566602e-006 4.6449558973302088e-005 2.7685653911731805e-006 -4.0669940344814745e-009 1.1353770526691442e-007 9.4226719860859096e-009 7.6867063612520896e-010 -9.9281207324314601e-007 -2.9263598861869266e-006 1.6814210064859745e-005 -1.5505859889731598e-008 6.8103091058656724e-008 7.6867063612520896e-010 6.2693830637808541e-009</coeffs>
        </covariance>
      </sensor>
      <sensor id="9" label="Canon EOS REBEL T5i (35mm)" type="frame">
        <resolution width="5184" height="3456"/>
        <property name="pixel_width" value="0.0043839988425926"/>
        <property name="pixel_height" value="0.0043839988425926"/>
        <property name="focal_length" value="35"/>
        <property name="layer_index" value="0"/>
        <bands>
          <band label="Red"/>
          <band label="Green"/>
          <band label="Blue"/>
        </bands>
        <calibration type="frame" class="adjusted">
          <resolution width="5184" height="3456"/>
          <f>7996.33528984088</f>
          <b1>-8.79216959265614</b1>
          <b2>-17.7600766850315</b2>
          <k1>-0.0881776037256078</k1>
          <k2>0.309122375258873</k2>
          <p1>-0.000710576924841872</p1>
          <p2>8.84746637545461e-005</p2>
        </calibration>
        <covariance>
          <params>f b1 b2 k1 k2 p1 p2</params>
          <coeffs>4.7902819440090134e+000 1.9850121121250625e-001 1.9427490499388717e-002 -1.6695755518237178e-003 1.4356378749919421e-002 6.7067979204020577e-006 -7.1148238775780425e-006 1.9850121121250625e-001 4.2860284308024195e+000 1.1488205868945436e-001 1.1643474748483126e-004 2.2209130893678108e-004 -4.7562207586683259e-005 1.8694040309325359e-006 1.9427490499388717e-002 1.1488205868945436e-001 3.1863298435908365e+000 -2.1179062556372826e-004 1.5287519736211443e-003 7.0543901063701475e-006 -1.4074685042229244e-005 -1.6695755518237178e-003 1.1643474748483126e-004 -2.1179062556372826e-004 6.2397513606327858e-006 -3.7101066299779885e-005 3.0887940704600801e-009 1.1385775147741200e-008 1.4356378749919421e-002 2.2209130893678108e-004 1.5287519736211443e-003 -3.7101066299779885e-005 2.5244794349942902e-004 -5.0472842559141901e-008 -2.7828515010493241e-008 6.7067979204020577e-006 -4.7562207586683259e-005 7.0543901063701475e-006 3.0887940704600801e-009 -5.0472842559141901e-008 9.9235558825085305e-009 2.9472811637438644e-011 -7.1148238775780425e-006 1.8694040309325359e-006 -1.4074685042229244e-005 1.1385775147741200e-008 -2.7828515010493241e-008 2.9472811637438644e-011 6.6287379940278902e-009</coeffs>
        </covariance>
      </sensor>
      <sensor id="10" label="Canon EOS REBEL T5i (35mm)" type="frame">
        <resolution width="5184" height="3456"/>
        <property name="pixel_width" value="0.0043839988425926"/>
        <property name="pixel_height" value="0.0043839988425926"/>
        <property name="focal_length" value="35"/>
        <property name="layer_index" value="0"/>
        <bands>
          <band label="Red"/>
          <band label="Green"/>
          <band label="Blue"/>
        </bands>
        <calibration type="frame" class="adjusted">
          <resolution width="5184" height="3456"/>
          <f>8085.66855584573</f>
          <b1>-3.09285933825881</b1>
          <b2>-21.1385289438755</b2>
          <k1>-0.0672395024258215</k1>
          <k2>0.166208375774908</k2>
          <p1>-0.000947684207709845</p1>
          <p2>3.64080404719427e-005</p2>
        </calibration>
        <covariance>
          <params>f b1 b2 k1 k2 p1 p2</params>
          <coeffs>6.0980545679516949e+000 -5.0080862976706719e-001 -5.8919914745186175e-001 -1.2370601050426973e-003 5.4759283406070622e-003 6.7566219718964333e-005 7.6464561646639087e-005 -5.0080862976706719e-001 4.0696361031465447e+000 -1.3074083301502176e-001 -6.5065804125258222e-004 3.8321290117544074e-003 9.5446711551802607e-005 1.2679540429316393e-005 -5.8919914745186175e-001 -1.3074083301502176e-001 3.0157990105872821e+000 -1.4667098627437129e-004 4.1765396719161514e-004 -1.1038623585782200e-005 -4.3269098352326644e-005 -1.2370601050426973e-003 -6.5065804125258222e-004 -1.4667098627437129e-004 9.5166987866278525e-006 -7.0913783887915560e-005 2.3308599550935939e-008 2.8428494093893352e-009 5.4759283406070622e-003 3.8321290117544074e-003 4.1765396719161514e-004 -7.0913783887915560e-005 5.9843113824067495e-004 -6.0993486376513536e-007 1.0672682828667754e-007 6.7566219718964333e-005 9.5446711551802607e-005 -1.1038623585782200e-005 2.3308599550935939e-008 -6.0993486376513536e-007 1.8390143102740849e-008 -4.0717845453525605e-012 7.6464561646639087e-005 1.2679540429316393e-005 -4.3269098352326644e-005 2.8428494093893352e-009 1.0672682828667754e-007 -4.0717845453525605e-012 2.3093029666324417e-008</coeffs>
        </covariance>
      </sensor>
      <sensor id="11" label="Canon EOS REBEL T5i (35mm)" type="frame">
        <resolution width="5184" height="3456"/>
        <property name="pixel_width" value="0.0043839988425926"/>
        <property name="pixel_height" value="0.0043839988425926"/>
        <property name="focal_length" value="35"/>
        <property name="layer_index" value="0"/>
        <bands>
          <band label="Red"/>
          <band label="Green"/>
          <band label="Blue"/>
        </bands>
        <calibration type="frame" class="adjusted">
          <resolution width="5184" height="3456"/>
          <f>8066.32372703114</f>
          <b1>-1.91496982928892</b1>
          <b2>-22.858047066887</b2>
          <k1>-0.0765446755811964</k1>
          <k2>0.229699606973871</k2>
          <p1>-8.616908371372e-005</p1>
          <p2>0.0014474778861462</p2>
        </calibration>
        <covariance>
          <params>f b1 b2 k1 k2 p1 p2</params>
          <coeffs>5.6769295896531258e+000 -1.8092128490217418e-001 -1.4903031850101595e-001 -2.4481673390239502e-003 1.1672915443416960e-002 -3.6813722588754892e-005 -6.7325006552780613e-006 -1.8092128490217418e-001 4.1365988275099204e+000 3.4354690437882932e-002 -1.0278067102619031e-003 5.3127354369143839e-003 -1.0250890781055823e-004 -2.6470584742588943e-005 -1.4903031850101595e-001 3.4354690437882932e-002 3.0276847976762959e+000 -2.3208250727702230e-005 -6.4926012032172624e-004 1.0380454102483898e-005 2.9302395025427945e-005 -2.4481673390239502e-003 -1.0278067102619031e-003 -2.3208250727702230e-005 9.4941295282618304e-006 -5.7212673164350197e-005 7.6756203432340662e-008 3.6829094384557976e-008 1.1672915443416960e-002 5.3127354369143839e-003 -6.4926012032172624e-004 -5.7212673164350197e-005 3.8826467068101369e-004 -3.9739353506479527e-007 -3.0923892493478714e-007 -3.6813722588754892e-005 -1.0250890781055823e-004 1.0380454102483898e-005 7.6756203432340662e-008 -3.9739353506479527e-007 1.5539622039749920e-008 5.8013134921711094e-010 -6.7325006552780613e-006 -2.6470584742588943e-005 2.9302395025427945e-005 3.6829094384557976e-008 -3.0923892493478714e-007 5.8013134921711094e-010 2.6381668568771657e-008</coeffs>
        </covariance>
      </sensor>
      <sensor id="12" label="Canon EOS REBEL T5i (35mm)" type="frame">
        <resolution width="5184" height="3456"/>
        <property name="pixel_width" value="0.0043839988425926"/>
        <property name="pixel_height" value="0.0043839988425926"/>
        <property name="focal_length" value="35"/>
        <property name="layer_index" value="0"/>
        <bands>
          <band label="Red"/>
          <band label="Green"/>
          <band label="Blue"/>
        </bands>
        <calibration type="frame" class="adjusted">
          <resolution width="5184" height="3456"/>
          <f>8038.31298607939</f>
          <b1>1.81121731942731</b1>
          <b2>-13.9492705157528</b2>
          <k1>-0.0847430332155504</k1>
          <k2>0.24733313003984</k2>
          <p1>0.00125954885081552</p1>
          <p2>0.000236413596335282</p2>
        </calibration>
        <covariance>
          <params>f b1 b2 k1 k2 p1 p2</params>
          <coeffs>1.1765415297684161e+001 -2.4562473563114670e-001 5.1026080426914378e-001 -5.4789980907477970e-003 3.4564366971572766e-002 -5.6272157830681249e-005 4.4154105329554999e-005 -2.4562473563114670e-001 6.4310673160141452e+000 2.4573977197835228e-001 -2.3197912608691494e-004 8.7829221970569464e-004 1.9281170109109610e-004 1.3254876017445674e-005 5.1026080426914378e-001 2.4573977197835228e-001 3.3598008647893569e+000 -5.5986998914741139e-004 3.5387383126457210e-003 1.7124961935308630e-005 6.6496844283223325e-005 -5.4789980907477970e-003 -2.3197912608691494e-004 -5.5986998914741139e-004 1.3371803368836497e-005 -9.6153249639969570e-005 3.2032816827070797e-008 -6.8075872727995654e-008 3.4564366971572766e-002 8.7829221970569464e-004 3.5387383126457210e-003 -9.6153249639969570e-005 7.7689161129641446e-004 2.0965781222350247e-007 5.9013286608158883e-007 -5.6272157830681249e-005 1.9281170109109610e-004 1.7124961935308630e-005 3.2032816827070797e-008 2.0965781222350247e-007 2.1101974109954777e-008 1.2115673927798237e-009 4.4154105329554999e-005 1.3254876017445674e-005 6.6496844283223325e-005 -6.8075872727995654e-008 5.9013286608158883e-007 1.2115673927798237e-009 1.5308065913238063e-008</coeffs>
        </covariance>
      </sensor>
      <sensor id="13" label="Canon EOS REBEL T5i (35mm)" type="frame">
        <resolution width="5184" height="3456"/>
        <property name="pixel_width" value="0.0043839988425926"/>
        <property name="pixel_height" value="0.0043839988425926"/>
        <property name="focal_length" value="35"/>
        <property name="layer_index" value="0"/>
        <bands>
          <band label="Red"/>
          <band label="Green"/>
          <band label="Blue"/>
        </bands>
        <calibration type="frame" class="adjusted">
          <resolution width="5184" height="3456"/>
          <f>8066.82489361499</f>
          <b1>-10.0857449553918</b1>
          <b2>-17.2324559554548</b2>
          <k1>-0.0724092987289413</k1>
          <k2>0.210103274814522</k2>
          <p1>-0.000425080636107575</p1>
          <p2>0.000128046453233567</p2>
        </calibration>
        <covariance>
          <params>f b1 b2 k1 k2 p1 p2</params>
          <coeffs>3.7156463077683557e+000 -8.9941577351637506e-002 -2.8883231385610469e-001 -1.5151557538531978e-003 8.6388584338589428e-003 1.2100411101236419e-005 3.3171769996464810e-007 -8.9941577351637506e-002 3.1136358840720044e+000 2.0870650542520516e-001 -6.3121597195793340e-005 1.2204013445209715e-003 1.1816531003988513e-005 -4.1277563377992781e-006 -2.8883231385610469e-001 2.0870650542520516e-001 3.1243562376559368e+000 1.7980162722540510e-004 -1.0577014878434539e-003 7.2150135418767852e-006 -2.5193498446856595e-005 -1.5151557538531978e-003 -6.3121597195793340e-005 1.7980162722540510e-004 5.2091216095022124e-006 -3.1371412250642120e-005 -3.2438712737514761e-008 -7.8351747937876071e-009 8.6388584338589428e-003 1.2204013445209715e-003 -1.0577014878434539e-003 -3.1371412250642120e-005 2.1577528563994266e-004 -7.8060161505371859e-008 1.0609459333760940e-007 1.2100411101236419e-005 1.1816531003988513e-005 7.2150135418767852e-006 -3.2438712737514761e-008 -7.8060161505371859e-008 1.2262389431068212e-008 -4.7826635899450092e-010 3.3171769996464810e-007 -4.1277563377992781e-006 -2.5193498446856595e-005 -7.8351747937876071e-009 1.0609459333760940e-007 -4.7826635899450092e-010 1.0293566279225043e-008</coeffs>
        </covariance>
      </sensor>
      <sensor id="14" label="Canon EOS REBEL T5i (35mm)" type="frame">
        <resolution width="5184" height="3456"/>
        <property name="pixel_width" value="0.0043839988425926"/>
        <property name="pixel_height" value="0.0043839988425926"/>
        <property name="focal_length" value="35"/>
        <property name="layer_index" value="0"/>
        <bands>
          <band label="Red"/>
          <band label="Green"/>
          <band label="Blue"/>
        </bands>
        <calibration type="frame" class="adjusted">
          <resolution width="5184" height="3456"/>
          <f>8113.77471266267</f>
          <b1>-10.7269269453268</b1>
          <b2>-7.34277534207234</b2>
          <k1>-0.0776012978552191</k1>
          <k2>0.237327547026391</k2>
          <p1>0.00071975151648688</p1>
          <p2>0.000359761841596981</p2>
        </calibration>
        <covariance>
          <params>f b1 b2 k1 k2 p1 p2</params>
          <coeffs>3.8643882593401480e+000 -2.0462300184193413e-001 -2.3942511425776009e-001 -1.1246993097954476e-003 6.9694938408105733e-003 1.2457448066278836e-005 -3.8877883323908936e-007 -2.0462300184193413e-001 2.9695146554634171e+000 3.5180622976704107e-001 2.3593247610538431e-004 -8.5125503626303195e-004 -2.2760036217812460e-005 6.3422748997185405e-006 -2.3942511425776009e-001 3.5180622976704107e-001 3.1721113684733653e+000 2.8214832891126999e-004 -1.5074141690950660e-003 -7.2978946276411109e-006 3.2011505096077840e-005 -1.1246993097954476e-003 2.3593247610538431e-004 2.8214832891126999e-004 4.1504710226353141e-006 -2.2703629975949122e-005 2.4404856044960568e-008 3.6502367814164561e-008 6.9694938408105733e-003 -8.5125503626303195e-004 -1.5074141690950660e-003 -2.2703629975949122e-005 1.3910810373662222e-004 8.4151636422766639e-008 -1.7110575994826527e-007 1.2457448066278836e-005 -2.2760036217812460e-005 -7.2978946276411109e-006 2.4404856044960568e-008 8.4151636422766639e-008 1.2333084802787277e-008 9.0921037689811421e-010 -3.8877883323908936e-007 6.3422748997185405e-006 3.2011505096077840e-005 3.6502367814164561e-008 -1.7110575994826527e-007 9.0921037689811421e-010 8.4231101017046942e-009</coeffs>
        </covariance>
      </sensor>
      <sensor id="15" label="Canon EOS REBEL T5i (35mm)" type="frame">
        <resolution width="5184" height="3456"/>
        <property name="pixel_width" value="0.0043839988425926"/>
        <property name="pixel_height" value="0.0043839988425926"/>
        <property name="focal_length" value="35"/>
        <property name="layer_index" value="0"/>
        <bands>
          <band label="Red"/>
          <band label="Green"/>
          <band label="Blue"/>
        </bands>
        <calibration type="frame" class="adjusted">
          <resolution width="5184" height="3456"/>
          <f>8166.85366130265</f>
          <b1>-13.8008501090988</b1>
          <b2>-18.7802312134086</b2>
          <k1>-0.0745643848049478</k1>
          <k2>0.2242261006468</k2>
          <p1>-0.00115666860941698</p1>
          <p2>-0.00104935863028846</p2>
        </calibration>
        <covariance>
          <params>f b1 b2 k1 k2 p1 p2</params>
          <coeffs>3.3620268867580010e+000 1.0681357465974514e-001 -6.2317599775367626e-002 -1.0167068374369564e-003 9.8100865525845987e-003 1.0179421336642354e-005 6.4519474456839283e-006 1.0681357465974514e-001 4.4948917226664609e+000 3.4011592603489116e-001 -2.8549413374374963e-008 5.5222448345031844e-004 4.8443787878743079e-005 -5.3864165568841124e-007 -6.2317599775367626e-002 3.4011592603489116e-001 3.4467220543504853e+000 -1.1140362405382097e-004 6.6200204855928037e-004 -1.0531339075042047e-005 -1.4342288831183113e-006 -1.0167068374369564e-003 -2.8549413374374963e-008 -1.1140362405382097e-004 5.2378940274546211e-006 -3.3822243461569328e-005 -1.1080456669103513e-008 2.4507723347456566e-008 9.8100865525845987e-003 5.5222448345031844e-004 6.6200204855928037e-004 -3.3822243461569328e-005 2.5605459201293425e-004 5.9382759238589431e-008 -1.7363633796803357e-007 1.0179421336642354e-005 4.8443787878743079e-005 -1.0531339075042047e-005 -1.1080456669103513e-008 5.9382759238589431e-008 1.1055453302897773e-008 7.2769436077190890e-010 6.4519474456839283e-006 -5.3864165568841124e-007 -1.4342288831183113e-006 2.4507723347456566e-008 -1.7363633796803357e-007 7.2769436077190890e-010 8.7504657270284906e-009</coeffs>
        </covariance>
      </sensor>
      <sensor id="16" label="Canon EOS REBEL T5i (35mm)" type="frame">
        <resolution width="5184" height="3456"/>
        <property name="pixel_width" value="0.0043839988425926"/>
        <property name="pixel_height" value="0.0043839988425926"/>
        <property name="focal_length" value="35"/>
        <property name="layer_index" value="0"/>
        <bands>
          <band label="Red"/>
          <band label="Green"/>
          <band label="Blue"/>
        </bands>
        <calibration type="frame" class="adjusted">
          <resolution width="5184" height="3456"/>
          <f>8113.26529345322</f>
          <b1>-13.3714896553815</b1>
          <b2>-8.27974871401909</b2>
          <k1>-0.0649499268542903</k1>
          <k2>0.165521212866513</k2>
          <p1>0.00256477820242064</p1>
          <p2>0.000795539315771269</p2>
        </calibration>
        <covariance>
          <params>f b1 b2 k1 k2 p1 p2</params>
          <coeffs>3.8048233082340723e+000 1.1207373505147106e-001 -3.2009686316268771e-001 -8.4433906271350284e-004 8.3928655472717238e-003 -4.1481995892261518e-005 -4.1234487140024078e-006 1.1207373505147106e-001 4.6499185843960369e+000 4.0419735019980152e-001 -2.5284839097098087e-004 2.0136464754927047e-003 -5.7806570796817278e-005 6.8081716344299087e-006 -3.2009686316268771e-001 4.0419735019980152e-001 3.3412599281809370e+000 3.7605856562100474e-005 -1.5134003725330336e-004 1.5868622392703549e-005 4.4536124498574309e-006 -8.4433906271350284e-004 -2.5284839097098087e-004 3.7605856562100474e-005 4.1499882634297188e-006 -2.7138783340710396e-005 1.6027306586469370e-008 1.5737117116944037e-008 8.3928655472717238e-003 2.0136464754927047e-003 -1.5134003725330336e-004 -2.7138783340710396e-005 2.1167214888285693e-004 -1.8375524503468593e-007 -6.4379914456022333e-008 -4.1481995892261518e-005 -5.7806570796817278e-005 1.5868622392703549e-005 1.6027306586469370e-008 -1.8375524503468593e-007 1.2401160184581302e-008 2.2287539255749007e-010 -4.1234487140024078e-006 6.8081716344299087e-006 4.4536124498574309e-006 1.5737117116944037e-008 -6.4379914456022333e-008 2.2287539255749007e-010 9.1960485358549715e-009</coeffs>
        </covariance>
      </sensor>
      <sensor id="17" label="Canon EOS REBEL T5i (35mm)" type="frame">
        <resolution width="5184" height="3456"/>
        <property name="pixel_width" value="0.0043839988425926"/>
        <property name="pixel_height" value="0.0043839988425926"/>
        <property name="focal_length" value="35"/>
        <property name="layer_index" value="0"/>
        <bands>
          <band label="Red"/>
          <band label="Green"/>
          <band label="Blue"/>
        </bands>
        <calibration type="frame" class="adjusted">
          <resolution width="5184" height="3456"/>
          <f>8060.15675276286</f>
          <b1>1.32524924636441</b1>
          <b2>-21.5087196696382</b2>
          <k1>-0.0657489320573204</k1>
          <k2>0.103674239912879</k2>
          <p1>-0.00194795520276237</p1>
          <p2>0.000875599908318097</p2>
        </calibration>
        <covariance>
          <params>f b1 b2 k1 k2 p1 p2</params>
